972 347 810 185 
972 347 810 185 
972 347 810 185 
972 347 810 185 
972 347 810 185 
972 347 810 185 
972 347 810 185 
972 347 810 185 
972 347 810 185 
972 347 810 185 
972 347 810 185 
972 347 810 185 
972 347 810 185 
972 347 810 185 
972 347 810 185 
1361 486 1134 259 
1361 486 1134 259 
1361 486 1134 259 
1361 486 1134 259 
1361 486 1134 259 
1361 486 1134 259 
1361 486 1134 259 
1361 486 1134 259 
1361 486 1134 259 
1361 486 1134 259 
1361 486 1134 259 
1361 486 1134 259 
1361 486 1134 259 
1361 486 1134 259 
1361 486 1134 259 
1653 590 1377 315 
1653 590 1377 315 
1653 590 1377 315 
1653 590 1377 315 
1653 590 1377 315 
1653 590 1377 315 
1653 590 1377 315 
1653 590 1377 315 
1653 590 1377 315 
1653 590 1377 315 
1653 590 1377 315 
1653 590 1377 315 
1653 590 1377 315 
1653 590 1377 315 
1653 590 1377 315 
1789 639 1491 341 
1789 639 1491 341 
1789 639 1491 341 
1789 639 1491 341 
1789 639 1491 341 
1789 639 1491 341 
1789 639 1491 341 
1789 639 1491 341 
1789 639 1491 341 
1789 639 1491 341 
1789 639 1491 341 
1789 639 1491 341 
1789 639 1491 341 
1789 639 1491 341 
1789 639 1491 341 
1555 555 1296 296 
1555 555 1296 296 
1555 555 1296 296 
1555 555 1296 296 
1555 555 1296 296 
1555 555 1296 296 
1555 555 1296 296 
1555 555 1296 296 
1555 555 1296 296 
1555 555 1296 296 
1555 555 1296 296 
1555 555 1296 296 
1555 555 1296 296 
1555 555 1296 296 
1555 555 1296 296 
1361 486 1134 259 
1361 486 1134 259 
1361 486 1134 259 
1361 486 1134 259 
1361 486 1134 259 
1361 486 1134 259 
1361 486 1134 259 
1361 486 1134 259 
1361 486 1134 259 
1361 486 1134 259 
1361 486 1134 259 
1361 486 1134 259 
1361 486 1134 259 
1361 486 1134 259 
1361 486 1134 259 
0 0 0 0 
0 0 0 0 
0 0 0 0 
0 0 0 0 
0 0 0 0 
0 0 0 0 
0 0 0 0 
0 0 0 0 
0 0 0 0 
0 0 0 0 
0 0 0 0 
0 0 0 0 
0 0 0 0 
0 0 0 0 
0 0 0 0 
0 0 0 0 
0 0 0 0 
0 0 0 0 
0 0 0 0 
0 0 0 0 
0 0 0 0 
0 0 0 0 
0 0 0 0 
0 0 0 0 
0 0 0 0 
0 0 0 0 
0 0 0 0 
0 0 0 0 
0 0 0 0 
0 0 0 0 
0 0 0 0 
0 0 0 0 
0 0 0 0 
0 0 0 0 
0 0 0 0 
0 0 0 0 
0 0 0 0 
0 0 0 0 
0 0 0 0 
0 0 0 0 
0 0 0 0 
0 0 0 0 
0 0 0 0 
0 0 0 0 
0 0 0 0 
0 0 0 0 
0 0 0 0 
0 0 0 0 
0 0 0 0 
0 0 0 0 
0 0 0 0 
0 0 0 0 
0 0 0 0 
0 0 0 0 
0 0 0 0 
0 0 0 0 
0 0 0 0 
0 0 0 0 
0 0 0 0 
0 0 0 0 
0 0 0 0 
0 0 0 0 
0 0 0 0 
0 0 0 0 
0 0 0 0 
0 0 0 0 
0 0 0 0 
0 0 0 0 
0 0 0 0 
0 0 0 0 
0 0 0 0 
0 0 0 0 
0 0 0 0 
0 0 0 0 
0 0 0 0 
0 0 0 0 
0 0 0 0 
0 0 0 0 
0 0 0 0 
0 0 0 0 
0 0 0 0 
0 0 0 0 
0 0 0 0 
0 0 0 0 
0 0 0 0 
0 0 0 0 
0 0 0 0 
0 0 0 0 
0 0 0 0 
0 0 0 0 
